# Created by Octave 4.0.0, Sat May 12 21:29:37 2018 CEST <alicja@alicja-Lenovo-Flex-2-14>
# name: distances
# type: sparse bool matrix
# nnz: 0
# rows: 144
# columns: 144


